0.0983915 -0.0792564
-0.184443 -0.255053
-0.0972691 0.163068
-0.0423644 0.0299245
0.0523624 -0.0621832
-0.224648 0.00511068
-0.0779209 -0.227997
-0.140641 0.0593656
0.0324693 0.0880602
0.213469 0.0640654
0.143967 0.0131031
-0.0155932 -0.0812964
0.0639867 -0.0384382
-0.0959815 -0.0419133
-0.026547 -0.162816
0.0676692 -0.0876305
0.104628 -0.0252752
-0.12307 -0.140276
0.0757048 0.0274098
-0.178344 0.13203
0.062558 -0.00498676
0.0353433 0.0570022
0.175293 -0.137426
-0.0700622 -0.00816785
0.0415048 0.108593
0.0918623 -0.0506235
0.0530268 0.133274
0.14422 0.000914086
0.0144302 0.0340831
0.0548499 0.0742931
-0.00680221 -0.0252911
0.00206977 0.140128
-0.015612 -0.227928
-0.108124 0.00742077
-0.0355113 -0.0384106
0.0431842 0.0714825
0.0470691 0.114439
0.077965 -0.0412147
-0.0423563 -0.0198962
0.0952087 0.0575772
-0.0175272 -0.0757311
-0.0598117 -0.0216761
-0.00841856 0.0262435
0.0746227 -0.155569
0.0116784 0.0756496
0.0157543 0.02352
0.0139956 -0.121517
-0.117827 0.121396
-0.0342257 -0.0558455
0.0610641 0.0463843
0.20157 0.0687838
-0.163529 0.136109
-0.198402 0.0350415
0.10357 -0.18535
0.0609427 -0.00809714
-0.135169 0.098706
0.219601 -0.248556
0.0333718 -0.0599146
0.0592586 -0.0138604
0.0126124 0.213781
-0.051924 0.217323
0.00944947 0.0515907
0.0207736 -0.0519003
-0.084724 -0.00126352
0.0264608 -0.0155146
-0.0873906 -0.164007
-0.0865299 0.100665
0.0331338 0.00320117
0.0229258 0.0492582
-0.310208 0.15457
-0.188414 -0.205631
-0.146591 0.134094
0.0984504 0.0382187
0.175027 0.0943698
0.11769 -0.0243782
-0.00797571 0.0232755
0.120906 0.0720911
-0.0230146 -0.232706
-0.142294 -0.175826
0.0816984 -0.099474
-0.0614238 -0.0156965
-0.350408 -0.235492
-0.106068 -0.0599901
-0.0398178 0.0257013
-0.073245 -0.032692
0.0542874 -0.0185845
-0.188973 0.0436121
-0.0313489 -0.226829
0.137238 0.0259145
-0.0234702 0.000132544
-0.132124 -0.0483923
-0.101005 -0.189159
-0.0165792 0.233029
-0.0139553 -0.0791548
0.222295 0.0709365
-0.0337533 0.0990768
0.143406 0.0320003
0.0749503 -0.159048
-0.129426 -0.0837877
-0.130361 -0.096303
-0.236087 -0.026819
0.046378 -0.0591471
0.0589702 -0.0987813
-0.0640806 -0.00696892
-0.109412 -0.0750825
-0.0549789 0.0267992
-0.0585981 -0.0175978
0.104424 0.0949766
-0.0273227 0.03204
-0.115114 -0.125868
-0.0505714 0.161627
-0.169395 -0.149951
-0.0525227 -0.0399044
0.0571337 -0.0762384
-0.0264393 -0.06777
0.0620211 -0.0829537
-0.153555 -0.0474183
0.147134 -0.0240119
0.175092 -0.0100202
0.0439167 -0.145333
-0.152238 -0.0193306
-0.0201337 0.0448531
-0.191023 -0.0015282
0.138195 0.191362
-0.027901 -0.0138331
0.276366 0.0633632
-0.0622193 0.0389853
-0.0305091 -0.0349297
-0.0931796 -0.00653087
0.111967 -0.00173145
0.215303 0.0847632
0.217093 -0.018388
-0.0252315 0.104275
-0.110378 0.00966778
-0.0214421 0.0802736
-0.0871152 0.00958015
0.100287 -0.150903
0.0413884 0.0358469
0.082685 0.132475
0.113549 -0.0997096
0.0635255 -0.0715861
-0.181324 0.0992794
0.0389299 0.0929277
-0.00231007 0.0109464
-0.115871 -0.209139
-0.211269 -0.118143
-0.000217936 0.0973827
-0.0624759 0.104228
-0.00560101 -0.0787254
0.0437666 0.0776085
-0.183701 -0.183389
0.121842 -0.316581
0.0442249 0.0598259
-0.0913435 0.115175
-0.0830771 -0.103724
-0.111476 -0.0820311
0.0307617 0.178709
-0.0233434 -0.047374
0.171074 0.00816818
0.0155678 0.0508158
0.0560047 0.105396
0.0351844 -0.134138
-0.0622016 0.0819215
0.0917797 0.0321371
-0.0319928 0.0558707
-0.0244928 0.108975
-0.024601 0.0735308
0.130595 -0.0382937
0.0178192 -0.0343757
-0.0593468 0.104917
0.237249 -0.143372
-0.0371444 -0.0260059
-0.0839305 -0.0661907
-0.0487449 -0.0675139
0.298229 -0.0478034
-0.0987206 0.103806
-0.0617732 0.0171277
0.0232199 0.0563595
-0.0136448 0.0283837
0.246355 -0.0753446
-0.131227 0.140175
0.177597 -0.0497829
-0.152833 -0.140188
-0.167399 -0.206352
-0.133009 -0.0966109
-0.0172962 -0.235519
0.272602 0.0276939
0.00936728 0.0135131
-0.264802 -0.144343
0.0661882 -0.0566025
0.191438 -0.0144219
-0.214495 0.0671977
0.0213454 0.131949
0.129159 0.171012
0.0598981 -0.0209544
-0.00641631 0.077828
-0.0569653 0.0412764
-0.0854147 0.159366
0.17493 0.0760173
-0.00244041 0.0743852
0.0240255 0.107221
-0.131553 -0.0451425
-0.111608 0.0764537
0.0260605 0.107468
0.186504 -0.182426
0.147429 0.123449
0.0182334 0.00477196
-0.0578403 -0.168297
0.020472 0.233322
0.0244712 -0.124084
-0.0869261 -0.0533596
0.0507313 0.00977029
0.0484797 0.119289
0.21716 -0.0772592
-0.00088842 -0.103932
0.0260175 -0.11414
-0.0322158 -0.0896192
-0.0550011 -0.157783
0.124632 0.116466
0.0636101 -0.0757411
0.0953699 0.125688
0.318959 0.0548847
-0.213561 0.0785093
-0.125858 -0.0141559
-0.00222754 -0.102673
-0.197889 -0.166546
-0.101143 0.0664423
0.185767 0.0564986
-0.0514907 -0.0596314
-0.122401 0.0430583
-0.134106 0.0768303
0.22462 -0.114364
-0.113267 0.0541178
-0.0856833 -0.0886268
0.127156 -0.160626
-0.122406 -0.0922876
-0.0612478 -0.0384505
-0.057691 -0.245231
0.0611476 -0.121772
0.00214672 0.0296487
