0.00304369 -0.0684731
-0.101941 -0.0812939
-0.033799 -0.0591975
0.0931857 0.0263759
0.00381479 -0.035581
-0.195461 -0.036218
-0.109948 0.0751751
-0.0764292 -0.14637
0.0728633 -0.0888743
0.115378 -0.121922
-0.059931 0.0233417
-0.0816763 -0.0107453
0.115344 -0.00476981
-0.128683 0.0418643
0.0595597 0.0371128
-0.014889 0.0172551
0.015503 -0.0314729
-0.0167403 0.0119019
0.143889 0.000567691
0.0528239 0.203257
0.000839826 0.0780293
0.117975 -0.0354742
-0.175196 0.0985701
0.0390968 0.0624371
0.0762978 -0.0166422
-0.00211344 0.100154
0.0979763 0.186519
0.13373 -0.00357622
0.136787 -0.0294709
0.112917 -0.120401
-0.109881 0.128709
0.00687885 -0.0378302
0.0012937 0.0477852
0.0530878 0.0226137
-0.132161 0.107362
-0.0406075 -0.129197
0.258289 -0.0549825
-0.020659 -0.0354585
0.0710677 -0.0227533
-0.10833 -0.119632
-0.0369106 0.0542713
0.196797 -0.0101833
0.0403829 0.0730574
0.17868 -0.0895317
0.0643708 0.141475
-0.0670645 0.0821612
0.0341293 0.138481
0.0102759 0.12869
-0.0890746 -0.0175313
0.0754196 0.0486547
0.0283654 -0.11347
-0.0659281 -0.011691
0.0107872 -0.0794236
-0.0154323 0.107537
0.121563 -0.102652
-0.212334 0.0522417
-0.0568473 0.100314
-0.0590926 -0.0507866
-0.0695821 0.0851027
-0.0181495 0.0221182
0.14597 -0.0409856
-0.0369276 -0.0270331
0.135988 0.0290575
0.112565 0.058343
-0.0105903 -0.0644141
-0.140053 -0.0830679
-0.0275167 -0.0744097
0.103945 0.0107122
-0.0257298 -0.0252436
-0.174305 -0.0467542
-0.124791 0.0639415
-0.0646679 -0.1019
0.105002 -0.0727733
0.110639 -0.104468
-0.0389671 0.0236922
-0.0896307 -0.0337705
0.10784 0.0170871
-0.132344 0.0742414
0.0773999 -0.0119627
-0.00279604 -0.00046156
0.138438 -0.0968762
-0.120337 -0.00552446
-0.0366986 0.0788137
-0.0386303 -0.0760508
0.0241674 0.127611
-0.151684 -0.0166587
-0.0250528 -0.0323695
0.0389689 0.0660836
-0.0233348 0.103447
-0.0161924 -0.0160604
0.163249 -0.0118237
0.158522 -0.0866046
0.0194554 0.0130872
-0.0205898 -0.175947
-0.0284776 -0.0402819
0.052244 -0.00794549
0.0284578 -0.00069308
0.124845 0.0763117
0.0432184 -0.0765169
-0.0840591 -0.00575752
-0.0989872 0.249296
-0.13028 -0.0433309
-0.0430689 -0.0774991
-0.0748004 0.186701
-0.0540707 0.127416
0.0480446 -0.00216538
-0.106409 -0.00131933
0.000330335 0.106587
-0.0408404 0.0533564
0.0379739 -0.0602806
-0.129758 0.100988
-0.092309 0.0257453
-0.0426264 0.0261868
0.0298826 0.0863051
0.0182822 -0.00540215
-0.142163 0.00157383
-0.0882667 -0.0972741
0.0411454 0.0800359
-0.0875501 -0.152908
-0.0261685 0.0497697
0.0365773 0.077003
0.0154792 -0.0515205
0.0857047 0.213681
-0.0184171 -0.106657
-0.0366947 0.144925
-0.0016863 0.0023663
0.0401555 0.153902
0.0478882 0.104965
0.0902496 0.0416002
-0.112385 -0.131385
0.0770481 0.00830327
0.00303289 0.111765
0.00634746 -0.0797811
-0.107661 -0.0631953
0.0937387 -0.176568
-0.078796 0.00185079
0.0388772 0.0506686
-0.0542832 0.060405
-0.224385 -0.0601721
-0.146736 -0.0613097
0.00889491 -0.0716402
0.0358409 -0.0297404
0.201413 0.0214531
0.0840683 0.0822259
0.141455 -0.119678
-0.106584 -0.0214017
-0.0310193 0.0817629
-0.0149965 -0.132486
0.0334261 0.177586
-0.136495 -0.0284544
-0.0161935 -0.0739021
0.026656 0.056851
-0.0383062 0.104242
-0.0127077 -0.0281269
0.146596 0.0115602
0.13504 -0.0648499
0.0128348 0.0101157
-0.0424977 -0.164481
-0.0354159 -0.0292201
0.0671758 0.0217781
0.0606283 0.15071
0.00157679 -0.126482
0.0811228 -0.0518229
0.116487 -0.00157974
0.0157199 0.115972
-0.161537 -0.0855791
-0.0838 0.0443459
0.0991816 0.0910143
-0.0425115 0.0137906
0.0125469 -0.214482
-0.190879 -0.0922404
-0.0656289 -0.0194757
0.0145923 -0.0504131
0.0862933 -0.0911703
-0.123586 0.0409251
0.121075 -0.0226108
-0.0541233 0.0468894
-0.0591381 0.00777412
-0.0409942 -0.163214
-0.066642 -0.0412456
-0.00768143 0.0207877
0.00314359 -0.0423999
0.0760795 -0.155858
-0.0993667 -0.0416093
0.101191 -0.0309557
0.125393 0.0449058
-0.0252068 0.0264639
0.046079 -0.0520348
0.0982622 -0.00327331
0.0297165 0.0458929
-0.0287298 0.058317
0.0617465 -0.148147
0.0863632 -0.0273019
0.0688467 0.133234
0.0734687 0.0462755
-0.136119 -0.0378022
-0.105044 0.0290555
-0.168097 -0.176706
-0.139632 -0.0743295
-0.000757217 0.0365608
0.0435504 0.0620687
-0.0912656 0.107419
0.0457692 -0.107277
-0.083051 -0.0554262
-0.0954221 0.00511106
-0.0377893 -0.0358128
-0.167303 0.00900849
-0.0257607 0.225068
-0.0286762 -0.00914217
-0.0330184 0.220715
-0.00720191 0.048534
0.0964177 -0.111946
-0.0975803 0.150204
0.0204774 -0.105112
0.0137986 0.10017
-0.0487628 -0.23063
0.00222923 0.00336054
0.0296353 0.018646
-0.267624 -0.121948
-0.0567014 0.0594328
-0.0320295 0.0473984
0.0418634 -0.090207
0.0349079 -0.034013
-0.00180088 -0.0246158
0.0795223 0.155995
0.0196511 -0.116026
0.093121 0.00168961
0.13864 -0.00710275
0.026739 0.119453
-0.158247 -0.0790264
-0.0835277 -0.00474109
0.139113 0.0971655
-0.0471549 0.0135025
-0.00602868 -0.225626
-0.198316 -0.0589518
-0.0133137 -0.0197627
0.0689031 -0.0916789
0.107958 -0.0381948
-0.0997932 0.0167958
0.1262 -0.0213146
