0.0220971 -0.110485
0.00851669 0.144704
0.0609803 -0.0565245
-0.0585613 0.0805652
-0.0834348 -0.0229324
0.0575159 -0.0408279
-0.145897 -0.0809492
-0.107427 -0.185986
0.03125 -0.150888
-0.234922 -0.0282828
-0.0923225 -0.0436674
0.124016 0.0576667
-0.0262965 0.0764295
-0.0305238 0.0320633
0.0436998 -0.0494814
-0.0507197 -0.0300394
0.0662913 0.0662913
0.0525866 -0.102334
-0.114594 -0.0463336
0.0580474 -0.0158639
-0.018687 0.162058
-0.0191705 0.0892038
0.00880176 0.0663295
-0.0111548 0.0865442
-0.0700825 0.0754442
0.00345475 0.0666038
0.196354 -0.021954
0.0810749 0.0133777
-0.0384513 0.0595171
-0.0451884 0.151156
0.0867963 -0.110614
-0.119046 -0.0989104
-0.110485 0.0220971
0.0174004 0.065427
0.0372653 -0.10058
-0.0200183 -0.0304141
-0.0933419 0.0488207
0.00273231 -0.0629677
-0.111174 0.00550505
-0.0801252 0.0173145
-0.03125 -0.0258883
0.0614747 -0.0932458
-0.0257372 0.064548
-0.00326057 -0.118848
-0.0362035 0.100347
0.0555019 -0.102577
-0.0175993 0.0365373
0.0318686 -0.0273292
-0.0662913 -0.0662913
0.109126 -0.16236
-0.046152 0.0525496
-0.0516129 -0.0410153
-0.15809 -0.0111695
0.145768 0.00786355
0.0607686 -0.141774
0.0877181 0.0275642
-0.195083 0.0129442
-0.267638 -0.0672883
-0.0157947 -0.0248149
0.120315 -0.122245
0.100951 0.11726
0.0833642 -0.25069
0.0746032 0.0976697
-0.00111386 0.0340659
0.0220971 -0.110485
0.00851669 0.144704
0.0609803 -0.0565245
-0.0585613 0.0805652
-0.0834348 -0.0229324
0.0575159 -0.0408279
-0.145897 -0.0809492
-0.107427 -0.185986
0.03125 -0.150888
-0.234922 -0.0282828
-0.0923225 -0.0436674
0.124016 0.0576667
-0.0262965 0.0764295
-0.0305238 0.0320633
0.0436998 -0.0494814
-0.0507197 -0.0300394
0 -0.0441942
-0.0213555 0.0339365
-0.0734003 -0.148512
-0.0760468 -0.0446134
0.066792 -0.160376
0.237681 -0.0247742
0.00204485 0.082088
0.0642993 -0.0613989
-0.0689721 0.015625
0.0572524 -0.0193844
-0.0190111 0.230737
-0.0297033 -0.255503
0.016855 0.0675461
0.0459381 -0.00193373
-0.070946 -0.0730019
-0.038673 0.0534506
-0.0662913 0.0220971
0.0664489 -0.0514261
0.117824 0.0833802
0.0508863 0.0849175
-0.16359 -0.0182675
0.127468 0.117712
0.0780624 0.0794729
-0.00144291 -0.0562044
-0.118528 -0.0285692
0.0729858 0.0677703
0.11301 -0.099618
0.0773385 -0.15142
0.0122934 -0.0215773
-0.10424 -0.048648
-0.0117877 -0.0337602
-0.113778 0.0175934
0.0441942 -0.0441942
0.02084 0.0337079
-0.0942153 0.0787299
0.0488699 0.102245
0.209096 0.0536817
-0.0291612 -0.00240275
0.016261 0.150461
0.00334509 0.034995
0.0247779 -0.015625
0.0848192 0.0533102
-0.00379035 0.151121
0.0078127 -0.0138576
0.0197567 0.190036
-0.132548 0.174713
-0.0357482 0.132715
0.0306355 0.0251486
0.0220971 -0.0220971
-0.0107159 0.00967009
0.0131799 0.038179
0.127179 -0.187468
0.0644783 0.0365733
-0.0791304 0.0603529
-0.0597565 -0.0102447
-0.0403131 0.086049
0.162722 -0.0598192
0.0315018 -0.0758078
0.12318 0.0195365
0.0954405 -0.0860779
-0.225682 0.0291598
-0.0142318 0.0267573
-0.0949064 0.0258238
0.147704 0.0985899
0 -0.0441942
-0.0213555 0.0339365
-0.0734003 -0.148512
-0.0760468 -0.0446134
0.066792 -0.160376
0.237681 -0.0247742
0.00204485 0.082088
0.0642993 -0.0613989
-0.0689721 0.015625
0.0572524 -0.0193844
-0.0190111 0.230737
-0.0297033 -0.255503
0.016855 0.0675461
0.0459381 -0.00193373
-0.070946 -0.0730019
-0.038673 0.0534506
0.110485 -0.0662913
0.101542 0.0676936
0.0754341 -0.0122293
0.0207863 0.000947134
0.145448 -0.187494
0.00181448 0.0312288
-0.0175845 0.05847
-0.0736347 0.0613078
-0.0479854 -0.102903
-0.100397 -0.0746472
-0.0352382 -0.0102997
0.0494605 0.0216709
0.015625 -0.0852803
-0.0287562 0.0986742
-0.185616 -0.236447
0.00443933 -0.103803
-0.0220971 0.0220971
0.020333 -0.0808275
-0.110288 -0.0519499
0.0144859 0.0768363
-0.0398697 0.040901
-0.0424748 0.0943995
0.0936261 0.0512597
0.192941 -0.0394343
-0.141735 0.00915291
-0.0448848 0.168702
-0.065687 0.0172424
-0.021839 -0.0254529
-0.015625 -0.0779481
0.0678865 0.0238343
0.0135693 0.0554531
-0.127146 -0.0696956
0.0662913 -0.0220971
-0.151077 0.0145679
0.034112 -0.0801273
0.0702739 0.0440696
-0.0516976 0.0236616
0.0560495 -0.155772
0.00239254 0.154129
-0.04004 0.00251673
-0.172985 0.147097
-0.030884 0.0709668
-0.0909431 -0.0434745
-0.0916345 -0.128068
0.015625 -0.166941
-0.118643 0.0320885
-0.0269826 0.122143
0.00224441 -0.153109
-0.0662913 0.0662913
0.000527207 0.231115
-0.0251464 -0.00658191
-0.0290354 0.0494038
-0.0538803 -0.142233
0.128771 0.0222074
0.0206776 0.0120297
0.0553791 -0.189289
-0.0792354 -0.0533471
0.0798411 -0.0957933
0.04098 0.0106435
0.112502 -0.0911835
-0.015625 -0.111773
0.0603523 -0.0948839
-0.0768586 -0.0402611
-0.139182 0.18973
0.110485 -0.0662913
0.101542 0.0676936
0.0754341 -0.0122293
0.0207863 0.000947134
0.145448 -0.187494
0.00181448 0.0312288
-0.0175845 0.05847
-0.0736347 0.0613078
-0.0479854 -0.102903
-0.100397 -0.0746472
-0.0352382 -0.0102997
0.0494605 0.0216709
0.015625 -0.0852803
-0.0287562 0.0986742
-0.185616 -0.236447
0.00443933 -0.103803
