-0.0326673 0.00340052
-0.139932 -0.0719867
0.0269019 0.170821
-0.112098 -0.0147286
-0.183927 0.170231
0.208318 0.0130251
0.00873045 0.184083
0.0525603 -0.000285492
0.0595065 -0.0176191
-0.0534399 -0.0641332
0.0400442 0.0693591
-0.111567 -0.0414789
0.134917 -0.188968
0.0467436 0.0699717
0.143835 0.0298061
0.00620311 -0.117264
0.0119836 0.0368874
-0.0672555 -0.041231
0.0315666 -0.152156
-0.0387099 -0.107225
0.0352702 -0.0929694
0.0135254 -0.1655
-0.0068104 0.26898
-0.0505653 -0.300785
0.0521223 0.000187315
-0.0330035 0.0405413
0.066106 -0.122836
-0.161423 0.0350195
0.066399 0.027617
-0.00100883 0.0493898
0.132146 0.0116397
-0.110268 0.0177783
0.0996903 -0.0985156
-0.00484725 -0.0293171
-0.202413 0.084293
0.0122261 -0.0508029
-0.0541349 0.020114
0.0687635 -0.0891223
-0.123009 0.00112421
-0.0399733 0.0318772
0.0499358 -0.0446428
0.15242 0.071164
0.170877 -0.118457
-0.0455086 -0.0172108
-0.126249 0.0681194
0.124518 0.0284295
0.0334272 -0.00498985
-0.0176266 -0.181596
-0.0811669 0.0172555
-0.00528113 0.177015
-0.180526 0.00446661
-0.168947 -0.0967133
-0.0444532 0.0584981
0.152133 0.0545206
0.112968 -0.0429732
-0.0130939 -0.0475412
0.0243329 -0.0722698
-0.0649731 -0.00893619
-0.0897803 -0.110269
0.0939827 0.0381792
0.269002 -0.0767922
0.0607067 -0.0863503
-0.0484943 -0.0785834
0.177381 -0.0756548
0.170416 0.101475
-0.208778 0.0220959
-0.00383108 0.204607
-0.0986834 0.000947315
-0.0961645 0.0659742
0.254143 0.102402
0.0766197 0.00180079
0.286608 0.0235335
-0.0227666 -0.0990765
-0.0208084 0.0441274
0.030835 -0.0268164
0.0773845 -0.0736393
0.179319 -0.110404
0.107939 0.0485949
0.0354006 -0.107978
0.0341316 -0.156748
0.198695 -0.195848
0.111637 0.105214
0.0295562 0.0765361
-0.0469494 -0.0157733
0.0756433 -0.0646654
-0.0894494 -0.0826088
-0.0874309 -0.0335721
0.0720636 0.000420021
-0.174705 0.201229
0.0486462 -0.137897
0.125907 -0.0410828
0.180686 0.0390392
-0.0454741 0.164799
-0.0492837 0.0564466
0.244698 -0.0426822
0.138535 0.00672911
-0.121769 -0.346494
-0.00765318 0.0943871
0.0663408 -0.0402136
-0.09389 -0.0843416
0.0370451 -0.231411
0.0203501 -0.0997672
-0.0290433 0.0680715
0.0412324 0.131966
-0.0921252 -0.00665576
-0.0557392 -0.116146
0.132922 -0.0219569
-0.229605 0.0901145
0.0740049 -0.129721
0.00711779 -0.0232538
-0.113994 0.0612865
-0.0818779 0.160737
0.0273849 -0.0774859
-0.110788 0.0560228
0.0578927 0.0181877
-0.108069 0.117889
0.254895 -0.0830981
-0.103475 0.0288754
-0.205984 0.0267506
0.0828544 -0.0718994
0.0167395 -0.0577199
-0.110766 0.160365
-0.139478 0.0844041
0.103144 -0.148925
0.0512486 0.113964
-0.068785 -0.115635
-0.0391052 -0.128899
0.0166719 -0.0711836
-0.0688353 -0.0555959
-0.052009 -0.130527
0.0198724 -0.0151315
-0.096326 0.106825
0.0621764 0.0128068
0.143855 0.0418183
-0.0428311 0.0849273
0.176971 -0.0247031
-0.0023845 -0.128724
0.0973367 -0.0796571
0.133101 -0.0429053
-0.0301058 -0.0115145
0.0819581 0.000621427
0.0026496 -0.0738524
0.212676 0.00827476
-0.00157956 -0.0488123
0.204674 -0.0581215
-0.0610313 0.0528843
0.0396189 -0.0929642
-0.09307 0.0244938
0.102007 -0.0985937
-0.0247619 -0.058684
-0.0708353 -0.103122
0.0269816 0.0609726
-0.0855479 0.155256
0.10989 -0.0714388
0.0139447 -0.0778126
0.154147 -5.81107e-05
-0.0237933 0.167923
-0.183269 0.125668
0.170835 -0.0451203
0.111102 -0.0189066
-0.069505 -0.0105556
0.0851949 0.194265
-0.052116 -0.016976
0.0713837 -0.0538057
0.103812 0.0321432
-0.168741 0.101326
0.131088 -0.091651
-0.102966 -0.00709734
-0.0193068 -0.136249
-0.0288905 -0.0251999
-0.150176 0.0231749
-0.0758789 -0.0472503
-0.117569 -0.0241647
0.232672 0.234089
0.0775675 0.0748792
0.0520595 0.0121117
0.0559172 0.03863
0.0389203 0.123345
-0.223485 -0.0352785
-0.188091 -0.131299
0.0176037 0.0707294
-0.0182881 -0.00616885
-0.109636 0.00186302
0.052305 -0.10024
-0.16368 0.136813
-0.0565277 -0.198026
0.0740138 -0.052503
-0.0692286 -0.0849463
0.0376898 0.0196835
0.0196114 -0.112591
-0.199972 0.0165999
-0.168609 -0.126808
-0.0357603 -0.0419603
-0.0618528 0.170279
-0.00779681 -0.0715433
-0.0796174 0.191416
-0.130436 0.0312898
0.0594452 -0.102112
-0.00556141 0.18055
-0.180754 -0.00928492
0.069574 -0.169894
-0.0733852 0.047637
0.151049 0.0972422
-0.136546 0.00398725
-0.239459 0.100455
-0.0471454 -0.0359928
0.0475843 -0.041862
0.170408 0.0876874
-0.000774913 -0.120837
-0.016151 -0.0314585
0.148564 0.0151603
0.045325 -0.0188875
-0.0316699 0.0812441
-0.0155589 0.0766559
-0.0214021 0.0879486
0.122882 0.106939
0.117489 -0.034518
0.0526774 0.102164
-0.285638 0.00353761
-0.0693075 0.0115545
0.0837974 -0.0932635
0.0114502 0.0839613
0.0137547 -0.103938
-0.0501362 -0.0876409
-0.140115 -0.0697061
-0.015915 0.0266291
-0.109492 -0.0499225
0.077619 0.0757125
-0.00558703 0.0327317
-0.205053 0.0723173
0.0518736 -0.00395724
-0.0433557 0.0944849
-0.153586 -0.163789
-0.111469 -0.188277
-0.233992 -0.065046
-0.0956858 0.0785741
0.0521247 0.000500797
0.0232075 0.158827
0.0303427 0.00882886
0.130002 0.109935
