0.0296464 0.00988212
0.0221106 -0.13171
-0.0185644 -0.0963286
-0.0632795 0.0162921
0.0515588 0.0850917
0.00481267 -0.0268098
-0.136006 0.0988015
0.0187449 -0.00996139
-0.0419263 -0.0732681
0.0251065 0.15222
0.0659963 0.136517
0.095477 -0.00414671
-0.0454998 -0.0487789
-0.136447 -0.0890288
0.0491981 0.0468647
-0.0689492 0.015132
0.0296464 0.00988212
1.70305e-05 0.0493885
0.0730665 -0.0013219
0.0222715 0.0673686
-0.0484259 0.036461
0.0108026 0.109478
-0.0627266 -0.0234775
0.111641 0.162532
0.0115776 -0.199047
-0.145763 -0.0410299
-0.0239806 0.0485742
-0.121587 0.079613
-0.0229848 0.0168139
-0.00222784 -0.0712669
0.0453261 -0.0081887
0.0493883 0.0550519
0.0494106 -0.0889391
-0.00615171 0.0509075
-0.151168 0.00139769
0.00838989 -0.183769
0.00434291 -0.00123912
-0.0492762 0.0502124
-0.132706 -0.0864767
0.073116 0.0555847
0.0419263 -0.0453173
-0.114588 0.00664974
-0.173211 -0.0873807
0.0324624 -0.033408
-0.0499304 -0.0746021
-0.0131591 0.0222201
-0.0751555 0.0108407
0.057439 -0.00880623
0.0494106 -0.0889391
-0.108563 0.019881
-0.0450745 0.000822684
-0.168948 -0.0586726
-0.0074758 -0.120314
0.065409 0.108978
0.0219929 -0.0283757
0.0291451 0.127785
0.0674793 0.0804615
-0.0211425 0.0845533
-0.122349 -0.0813377
0.162468 0.0839763
0.039358 0.0275102
-0.00528124 -0.13653
-0.105208 -0.0890452
-0.079665 -0.206458
0.0296464 0.00988212
0.0221106 -0.13171
-0.0185644 -0.0963286
-0.0632795 0.0162921
0.0515588 0.0850917
0.00481267 -0.0268098
-0.136006 0.0988015
0.0187449 -0.00996139
-0.0419263 -0.0732681
0.0251065 0.15222
0.0659963 0.136517
0.095477 -0.00414671
-0.0454998 -0.0487789
-0.136447 -0.0890288
0.0491981 0.0468647
-0.0689492 0.015132
-0.0296464 0.0691748
0.100101 0.0462645
-0.0414704 -0.153148
-0.0620973 -0.043789
0.0786834 0.0347364
-0.0280063 -0.0234639
0.110455 -0.152814
0.0494274 -0.0854618
-0.0214597 -0.113499
-0.0453507 -0.061424
-0.0187234 -0.023632
-0.0381425 0.0440279
0.132087 0.0555281
0.0762107 0.21703
0.0207385 -0.0584119
-0.0274136 -0.0155332
-0.0296464 0.0296464
-0.0238804 -0.153586
0.0118545 0.0888158
0.118972 0.086801
0.161414 -0.142543
-0.0874125 0.0637579
0.02038 0.0933334
0.0594491 -0.125068
0.0773614 -0.0262553
-0.0344043 -0.0865278
0.0366192 0.082598
-0.012281 0.04782
-0.180808 -0.0510147
0.0511019 -0.00541914
-0.104294 0.0385299
-0.0132613 -0.120986
-0.0296464 0.0691748
-0.0762567 -0.0305857
-0.0298284 0.175899
-0.00250804 0.0638595
0.110772 0.0177743
0.0474693 -0.0317775
-0.167684 0.240327
0.109136 0.0798845
-0.0773614 0.0542062
0.152589 -0.166705
0.0809131 -0.0566175
-0.148337 -0.00615036
0.127657 0.0876171
-0.0574314 -0.0458536
0.0855411 0.0255535
0.113451 0.10249
0.167996 -0.00988212
0.059901 0.318553
-0.00125303 -0.0999891
-0.0143664 -0.0292847
0.0839439 -0.0285535
-0.177108 0.0941333
0.0647993 -0.0574661
0.170864 -0.0413731
0.0214597 0.0855481
0.0350062 -0.0336937
0.120002 0.0651309
0.0373654 0.0044208
-0.118465 0.0264549
0.00747134 -0.100702
-0.0299367 -0.0499956
-0.0240315 0.0383429
-0.0296464 0.0691748
0.100101 0.0462645
-0.0414704 -0.153148
-0.0620973 -0.043789
0.0786834 0.0347364
-0.0280063 -0.0234639
0.110455 -0.152814
0.0494274 -0.0854618
-0.0214597 -0.113499
-0.0453507 -0.061424
-0.0187234 -0.023632
-0.0381425 0.0440279
0.132087 0.0555281
0.0762107 0.21703
0.0207385 -0.0584119
-0.0274136 -0.0155332
-0.0691748 0.0395285
0.0102751 -0.0515403
0.0505352 -0.212872
-0.16732 -0.0149415
0.0627689 -0.0574998
-0.01767 -0.0604254
-0.0864792 -0.125954
-0.0567081 -0.0593097
0.0621871 0.1123
-0.129857 0.0729534
0.00888498 0.0168831
0.0579183 -0.0217422
-0.0187735 0.101225
0.14787 0.00525654
-0.161197 0.0645209
-0.0863603 -0.0175566
-0.0592927 -0.0494106
0.0334006 -0.0765215
-0.116734 -0.0167135
0.0442441 0.0889779
0.000367539 0.0597979
0.0353996 -0.0413275
-0.0117397 -0.0070386
-0.0210261 0.0598857
0.00868322 -0.0751693
0.0056051 0.132417
-0.119678 -0.0741749
0.000196505 -0.0242155
0.0135493 -0.0502894
-0.0233851 -0.12726
0.0425552 -0.0982697
0.111894 0.0114086
-0.0889391 -3.46945e-18
-0.0658997 -0.0552489
0.0687779 -0.00943181
0.0918266 0.0703487
0.0186859 -0.00898628
0.0636187 -0.0140939
0.105143 0.0646794
0.0113631 0.104772
0.0761625 -0.0134788
0.0449008 -0.0374881
-0.0383626 0.182027
-0.0163873 0.185592
-0.00677952 0.0722689
-0.0453308 0.0325062
0.155991 -0.190441
0.114421 0.0479492
0.0197642 -0.148232
0.168595 -0.0517422
-0.0373121 -0.0193222
0.00413156 0.0172781
-0.00276534 0.125274
-0.0299943 -0.260328
0.0278085 -0.0782235
-0.201842 -0.0512334
0.0506095 0.134462
-0.0111176 -0.00229508
-0.0532827 -0.103567
-0.116822 -0.00822455
-0.0670532 -0.0836761
-0.186409 0.0607956
0.16509 0.133555
-0.085757 0.0853528
-0.0691748 0.0395285
0.0102751 -0.0515403
0.0505352 -0.212872
-0.16732 -0.0149415
0.0627689 -0.0574998
-0.01767 -0.0604254
-0.0864792 -0.125954
-0.0567081 -0.0593097
0.0621871 0.1123
-0.129857 0.0729534
0.00888498 0.0168831
0.0579183 -0.0217422
-0.0187735 0.101225
0.14787 0.00525654
-0.161197 0.0645209
-0.0863603 -0.0175566
