-0.0145858 -0.0902295
0.0781592 -0.0191958
0.0997795 0.18252
0.0552868 -0.149618
0.174678 -0.0549437
0.0332896 0.0284913
-0.0200706 -0.0392693
-0.155597 -0.00226711
0.0888311 -0.112967
-0.0512789 -0.00944446
0.0191094 0.062651
0.023637 0.107521
-0.178906 0.17719
0.00896003 0.070525
0.153334 0.152871
-0.0341196 0.0228149
0.160159 0.0509975
0.00818737 -0.0586285
-0.0370176 0.0406234
-0.0076097 -0.109744
-0.0187966 0.062822
-0.0738099 -0.0908508
-0.0082332 0.0154039
0.0837835 0.134419
0.0852238 -0.0996311
-0.0531303 -0.196045
-0.080608 0.0215222
-0.000837155 0.00766086
0.11252 -0.0595136
0.0441027 0.0302432
-0.239342 -0.035239
-0.211161 0.0663138
0.0167017 0.0161791
-0.101793 -0.0197905
-0.0787611 -0.0459382
0.00962976 0.0513249
-0.0300841 -0.0662699
-0.0570844 -0.0672559
0.068064 -0.133769
-0.0153995 -0.0336072
-0.0461536 -0.130229
-0.07344 -0.0600886
-0.00202622 -0.00979825
0.0271604 0.0791056
-0.0231843 -0.09616
0.0140776 0.101854
0.0328904 -0.00964841
-0.123236 -0.0432795
-0.0777413 0.0439435
0.00402135 0.0206649
0.0171294 0.145365
0.0795582 0.0399006
0.0276883 0.00293086
0.0111683 0.0501165
-0.179363 0.116378
0.0146148 0.0758003
-0.152739 0.00739489
-0.155736 0.00799881
0.0486527 -0.199883
0.0205242 0.123893
0.149121 -0.0895699
0.11715 0.0707623
0.0044707 0.176671
0.0904586 -0.0938152
0.0204709 -0.0606536
0.0701458 -0.0230048
0.0724373 0.193446
0.0439824 -0.16687
0.176946 -0.0468399
0.00782507 0.0472982
-0.0317611 -0.0656968
-0.196324 -0.0427291
0.0925181 -0.10572
-0.0427277 0.0186212
-0.0144018 0.0390708
0.0178924 0.109335
-0.136876 0.165689
-0.0522892 0.0747685
0.160065 0.160804
-0.0264408 0.042543
-0.103544 -0.0052494
-0.0454443 -0.0871275
0.0492671 -0.141608
-0.0622986 -0.109338
-0.128169 -0.0202416
-0.00982837 0.0608643
0.0778743 -0.114922
0.0687247 0.0994141
0.225529 0.0422443
0.197974 -0.0555105
0.0427782 0.0998451
-0.0563562 -0.00912611
-0.0965304 0.0545141
-0.183721 0.0929442
-0.0657572 -0.0695177
0.0714218 0.0678555
0.0792081 -0.0973472
-0.195136 -0.282846
0.0654138 -0.107491
0.0522968 0.128366
-0.0565203 -0.0752955
-0.0547587 -0.0259389
-0.0366808 -0.013748
-0.0711786 0.0500372
0.0762087 0.0600445
0.054646 -0.0398853
0.161409 0.119046
0.0630452 -0.0279178
-0.0653041 -0.0302986
0.0593824 0.00143208
0.0789896 -0.00673527
-0.0324058 0.0589221
0.10234 0.0729223
-0.187754 0.0564232
0.141071 -0.0471055
0.132651 -0.00780417
0.14182 0.0997502
-0.121614 0.17913
0.0334654 0.155555
0.0129271 -0.00208833
-0.0719762 0.0502832
0.239699 -0.00958567
-0.0587262 0.052897
0.0420125 -0.0786866
0.0346994 -0.0279835
-0.0675822 -0.0354464
-0.136493 -0.0438059
-0.0857631 -0.173928
0.0251473 0.115653
0.125202 -0.101556
-0.0787715 0.0346819
-0.00531577 -0.0609492
-0.0205222 0.0248209
-0.0377928 -0.00061703
0.0831774 -0.110228
-0.0257967 -0.025048
0.0513923 0.175218
0.00722444 -0.130815
0.0829233 0.0182401
-0.121843 0.0414234
0.120885 -0.058508
-0.0770811 -0.139822
0.0891721 0.033694
0.0202172 0.0193638
-0.133809 0.00184005
-0.0344004 -0.0351486
0.033444 -0.157
-0.0282966 -0.146139
-0.165319 0.0114147
-0.0161686 0.0525774
0.0752237 -0.127482
0.0415856 0.0745858
0.169878 0.0424129
0.229033 -0.0468858
0.0386114 0.107848
-0.0415755 0.00914152
-0.0556505 0.0606346
-0.180105 0.0590554
-0.0853301 -0.0809181
0.0633777 0.0830771
0.106449 -0.0534146
0.0314573 0.0156493
0.115512 0.0961052
0.0453592 -0.0591737
-0.13562 0.0181511
-0.0581785 0.106123
0.00389615 0.00115038
0.0266328 -0.0304322
0.150767 -0.0793304
0.182681 -0.0248575
-0.156939 -0.10196
-0.0195342 -0.0879401
0.225106 0.0649856
-0.00724049 0.0242758
0.122016 0.0100292
0.0540872 0.0886453
0.0276546 0.110629
-0.0707982 0.00566229
-0.13445 0.0383979
-0.0808958 0.0100452
-0.0247719 0.03647
0.0407945 0.0374559
0.0960821 0.0962684
0.0933816 0.0709318
0.0768041 0.0052968
0.0552225 -0.0447367
-0.079662 -0.131642
-0.00122931 0.199054
0.0043443 0.0135299
-0.12753 -0.00910601
0.00998054 -0.0560231
0.00171516 -0.0977966
0.0659854 0.0450081
-0.0671225 0.102706
-0.191161 -0.161428
0.112853 0.0160672
0.0900749 -0.0744344
-0.021427 -0.11824
-0.068788 0.0150263
-0.0664605 -0.0117271
-0.0106801 0.00886671
0.121656 0.0636206
-0.0745096 -0.0155855
0.0838658 0.0874594
-0.0599022 0.1364
0.0587235 -0.0735417
-0.169047 0.0350174
-0.0146569 -0.0425016
0.0878914 0.0313834
-0.187772 -0.0540002
-0.103537 -0.114162
-0.0945396 -0.0141722
-0.0298608 0.0207619
0.0168927 0.0912006
-0.0146782 0.0130029
0.0114113 -0.0723375
-0.0875622 -0.0829681
0.0381253 0.0099171
-0.024768 -0.071066
0.0184212 0.132625
-0.0679556 0.109317
-0.228192 0.0666116
-0.0106285 0.00644814
0.0237993 -0.0978628
0.0912502 -0.0844576
0.0639211 0.0359947
0.0887796 0.114985
0.0544251 -0.0149138
-0.138346 0.0108616
-0.0330876 0.0724694
0.0276908 0.000609718
0.0392902 -0.036285
0.135129 -0.0846257
0.18843 -0.0223194
-0.132259 -0.104958
-0.0086933 -0.12059
0.211371 0.0537914
0.0135263 -0.00508392
0.109951 0.0170356
0.0549219 0.0983188
