1.15138 0.791507
0.995966 -1.27088
1.20812 0.921542
1.04665 -1.23607
-0.68512 1.26603
0.992922 0.597415
-1.02906 -1.48216
1.19401 -0.889544
-1.20672 -0.925339
1.06394 -1.01445
1.07646 -0.978847
-0.803416 1.01733
-0.908914 0.806776
-1.22726 -1.01443
-0.64097 -0.858528
1.12609 1.01351
0.784309 -0.806584
-0.946886 -1.05617
-1.05372 1.12426
0.973408 1.04898
-0.697442 1.04575
-1.06527 0.944795
-1.11801 0.650954
1.00183 1.12257
-1.03269 -0.910232
1.06862 0.966368
1.05733 -0.844591
-1.16651 -1.01641
0.867531 -0.90655
1.22159 -0.946714
1.1098 -1.29202
-1.16449 -0.941342
1.04487 0.950334
1.00376 1.12393
-0.788146 -1.07769
1.29898 1.00335
-1.21241 -0.917654
1.11047 1.25027
1.00309 0.626787
0.817641 -1.47796
-0.850812 0.871442
-0.89982 -0.887446
-0.967703 -0.810052
-1.09024 1.19412
-0.939543 -0.846177
0.891987 0.929702
-1.03928 1.38783
0.816519 -0.820412
1.00089 -0.901191
1.36938 -0.942517
-1.07853 0.796845
-1.30468 0.913274
0.670871 -0.941708
-1.04493 -0.979486
0.927569 -1.04373
-1.02231 -1.36062
-0.838342 0.924822
1.07876 0.907124
0.974961 1.05255
-1.16017 -0.92571
0.977057 -0.986336
-0.708136 0.808134
-1.09629 1.09428
-0.735768 1.30838
-0.927638 0.978021
1.17887 1.08007
0.773241 1.20127
1.11383 -1.39486
0.726858 0.87293
1.01541 1.14508
-0.6598 -0.866889
1.13795 -0.851142
1.21699 0.86955
-0.902552 -0.923657
1.11836 -1.09088
1.07095 0.919563
-1.18328 -1.14187
0.852564 -0.70575
-1.01337 0.887672
0.773919 0.711813
-1.03582 1.14877
-1.10301 1.20057
-1.07986 1.20726
0.878078 -0.936937
1.09195 -0.948343
1.07124 -0.852045
0.827557 0.882305
-0.972499 -0.799773
-0.845631 -1.1239
0.98114 -1.24038
-0.873339 -0.754757
-1.26225 0.855056
1.48658 0.946867
-1.15036 -0.955761
1.32969 0.732974
-0.808577 -1.04114
1.0116 0.808049
-1.07065 1.404
-0.983709 0.59424
0.713544 -1.45617
-0.840124 -0.787021
0.77155 0.981696
-1.23105 -1.02121
-0.884973 -0.875824
1.07276 -1.05496
-1.16159 -0.672618
0.916217 0.759615
-1.15667 -0.865984
-0.911571 -1.5804
-0.861397 0.820837
-0.741375 0.830292
-1.12096 0.781559
0.93675 0.987224
1.0822 0.717719
0.92956 -0.93268
-0.758848 0.932753
0.987233 -0.949115
1.33637 1.14659
0.975985 0.823335
-0.967651 0.940141
0.840675 0.857681
1.00019 1.01487
-0.611323 0.688814
-1.20929 -1.30195
1.29495 -1.07333
-1.1376 -0.952914
0.773025 -0.900261
-1.2453 -0.739389
-1.00849 -0.884646
1.23304 -1.10372
-1.12136 -0.862949
-1.04769 -1.04164
0.920797 1.39339
0.701781 1.19435
-1.09239 1.18598
-0.666745 1.18328
1.11194 0.697578
-0.868801 -1.06178
-1.30347 0.788948
0.714199 0.968736
-1.26969 -1.02987
-0.926452 -0.923403
1.02189 1.06375
0.847061 0.899173
1.13578 1.53778
-0.97407 -0.713701
-1.02999 -1.08766
1.04039 0.985503
1.14147 0.879945
0.937958 0.840241
1.23878 0.98753
-1.27266 0.818785
0.920744 -0.854253
-1.14869 0.952879
-0.929544 -1.33022
1.00128 1.00027
-1.03926 0.749527
1.01857 1.25266
-0.99405 -0.935987
0.854772 0.849556
-0.920872 1.10638
-1.15781 -1.08389
-0.523286 -1.0321
-0.883243 -1.18409
0.948142 -1.04988
-0.929257 1.23657
-1.0171 -1.07217
1.03271 1.09754
-0.877247 -1.06487
-1.19393 1.18817
1.4234 -0.916077
-1.21987 -0.620036
-0.653361 -1.40914
-1.07446 1.12156
-1.12626 -1.14548
0.794344 -1.08761
1.01448 1.02068
0.89612 1.16207
0.818135 1.1668
1.123 0.85719
-1.05759 0.70974
-1.02714 -0.819655
1.13908 -0.840717
-0.928212 -1.05168
0.692964 0.86719
1.03254 -0.963909
-1.31462 1.03348
1.10576 -1.10888
0.820221 1.09655
-1.24271 -1.1654
-0.816294 0.939012
1.07665 -1.14345
