0.353012 0.15076
0.0504486 -1.35516
0.899754 -1.83377
0.830174 -0.6195
-1.07842 0.846822
-0.456391 -0.739045
1.31635 1.43599
-0.82067 -1.35621
1.48536 -2.76009
1.95362 1.2075
1.39045 0.268793
0.635947 1.0949
0.0989461 -0.469891
-1.25345 0.990763
0.813001 -2.41265
1.20556 1.1536
-1.51355 0.27239
1.04772 1.01494
-2.31227 1.06359
0.746958 -0.308813
-1.05847 0.955842
0.870621 -0.704107
-0.241052 2.2609
-1.24295 0.924404
-0.786455 -1.04195
-0.981923 1.35683
0.464676 -0.373623
2.23699 2.04657
0.72888 1.16355
-1.0573 0.754328
0.759478 1.10176
0.59283 -0.57389
1.68473 -1.21142
0.62311 1.25743
0.812606 -0.281202
1.09674 0.220132
-0.531047 -0.847213
-2.86417 -0.483175
-1.33066 -0.250721
-0.0250059 1.02054
2.52917 -1.71049
-0.984801 1.3134
0.00408649 -1.39957
0.911499 -2.21613
0.197946 -0.575648
1.44156 -1.17334
-0.749011 0.867754
1.39254 -0.548473
2.03566 1.30225
-0.0829517 0.987409
0.0942888 1.50478
1.18021 0.54188
0.0308591 -0.877089
0.793704 -2.52447
1.19494 0.944226
0.132391 0.018443
-0.999055 -0.681375
-1.00881 1.16089
-1.83892 0.848929
-1.22185 -2.30538
-1.33907 -1.86047
0.244544 -1.42047
0.0698309 -0.072268
0.296894 0.647653
-0.751358 -1.29065
-1.75899 -0.991707
1.63121 0.953119
0.53423 0.378675
-1.3314 0.248941
-1.40166 1.03514
1.81586 0.364008
0.291184 1.13996
-0.0747154 -1.28558
1.86181 1.93493
-1.07207 0.973004
0.978736 1.86866
-1.31453 -1.7948
0.292284 -1.61621
0.453899 -0.696141
0.851622 -0.300904
-0.1694 -0.416829
-0.0692845 2.15921
-0.903052 1.33512
-1.14599 0.611299
-1.63348 -0.307481
-1.44671 -2.33373
1.84609 -0.885948
0.652629 1.55599
1.42316 -0.742765
-1.03096 -1.50629
-1.68476 -0.0281887
0.441954 -1.25323
0.615237 0.292775
2.45187 -0.817558
-0.787408 1.35572
0.591179 -1.24835
-1.17587 0.718126
1.44364 1.77639
-0.477352 -1.05959
-0.698917 1.54381
0.606026 1.53041
0.199941 1.33887
0.776 0.269924
-1.25179 -0.621629
0.347736 0.808196
0.832956 0.173074
0.338043 -0.899148
1.07715 -0.080096
0.0634385 -1.16374
0.255851 0.231864
1.53845 2.20529
-0.741774 1.17522
-1.39205 -0.891114
1.94684 1.46946
-1.06685 1.6722
-0.880145 -0.306047
1.36865 0.912235
3.6548 -1.28868
-1.15508 1.00748
1.32574 -1.14895
-0.869682 -1.52742
1.23276 -0.806736
2.69336 -0.959546
0.534179 0.399043
1.61443 -0.149208
0.717542 -1.31958
1.00048 0.604205
-1.036 -1.40818
0.272056 -1.2305
-0.115435 -1.76895
-0.903514 -1.88841
1.07246 1.81679
1.21346 1.60234
1.27284 -1.25027
2.4024 0.624166
0.344995 0.289762
-1.55576 -0.909643
1.61291 -1.80764
-1.57563 1.17475
-1.3935 1.99181
-1.11006 0.597879
0.945841 1.48656
1.89669 0.485229
-0.818319 -0.517893
-1.33139 0.150848
-2.2079 1.93428
-0.735397 1.73044
-0.242301 -1.54696
2.68907 -1.45241
-1.27704 -1.72364
-0.270412 0.590445
1.16563 -0.357514
1.29017 2.03412
-0.564719 -1.2026
-0.650821 -0.609881
0.425751 -2.22231
-0.298531 -2.10335
0.166734 -1.30315
-1.65459 -0.434182
0.447864 1.12061
-1.11126 1.77561
-1.78601 -1.14745
0.516003 1.76896
0.47317 0.673073
-0.121564 1.12238
-0.0682814 0.192748
0.752089 2.1578
-1.94749 -1.22483
2.07453 0.702185
1.70233 -1.59703
-2.25902 -1.7623
0.879263 -3.16743
1.02081 1.29959
1.44212 1.56678
-1.21123 0.557882
-2.26052 -2.06608
-0.72589 0.754533
0.0512292 1.06168
2.01673 1.4483
-1.30781 -0.789806
0.25193 1.28258
0.496788 -1.63146
-0.621138 -1.77756
-0.640901 1.81363
-2.0424 -0.394026
1.49574 1.04229
-1.02421 1.5001
-1.2184 1.25434
-1.01714 1.09735
0.280748 0.72253
1.95492 -0.561134
-2.1498 -1.42571
