-2.99267 -1.22021
0.87299 3.0263
1.07388 0.827328
-0.987029 0.882258
0.870479 -2.9211
2.93097 -0.931491
-1.13162 1.11177
-0.917965 -3.01245
1.11271 0.924726
3.02446 -3.03501
0.866054 1.12018
-2.94939 0.976188
0.977681 0.843699
-0.9436 2.91407
-1.08525 -3.14206
-2.86475 -1.14919
2.90164 1.17242
-2.90145 -0.73595
-1.03854 0.896123
3.13354 2.7497
-1.24631 -3.01486
-1.11106 -0.88729
-0.896791 0.891352
0.990572 -2.99205
1.01022 -1.23131
-0.882826 0.845714
1.03338 0.845944
2.74763 -2.83439
2.94012 3.10752
-0.998911 -1.00092
2.97914 -1.07595
2.89567 0.864411
-0.866473 -3.01085
-0.962653 1.26122
-0.947847 -2.84378
-1.23497 0.976905
0.973142 3.16344
0.733176 3.13639
0.982782 0.89216
0.700764 1.0374
0.846805 -2.95042
-2.92684 -3.29458
1.0525 -0.92599
1.01355 3.18481
-3.11585 0.9873
-1.22193 2.92389
-3.43031 -0.874479
1.00832 -1.01707
2.92925 -3.25739
-3.32411 -1.00499
-0.795925 -2.86685
0.886053 -0.963612
1.08528 3.08268
1.24558 3.11445
2.75231 1.02435
0.927499 3.0568
1.01616 -0.983889
-2.92095 -1.1208
-1.3598 1.28379
-3.18962 2.88286
-0.946006 -2.72837
3.07205 -0.998585
-1.08038 2.91663
0.899265 0.911886
2.86113 1.06624
0.971373 -1.23154
3.12603 0.950864
-1.10825 1.20654
-0.878635 1.17231
-3.04856 -2.92014
-0.975169 3.15032
-1.01178 -3.1353
1.02596 -1.03505
-2.86519 -1.25321
-1.15863 -2.97713
-3.14573 -1.2612
1.00618 2.99004
-1.14129 -2.94529
1.13283 0.970972
2.98182 -1.07018
1.03531 0.949482
-2.96063 -1.04954
3.12929 1.05508
-2.94155 0.877015
3.06054 -3.00558
-1.04429 3.09681
-3.15712 0.941606
-3.05851 2.91042
-2.82948 3.10834
2.88301 1.06243
-1.17663 -3.08435
-2.94661 3.13852
0.911498 -1.07216
-3.1072 2.66148
2.82891 -2.77986
-3.05119 -1.03447
0.968096 1.00503
2.94409 1.11948
2.89056 -3.20757
-1.01637 3.00767
-0.859276 -2.6821
0.931306 -1.07788
-3.03457 2.97056
3.05253 3.01996
-2.77374 1.07368
3.03649 3.20357
1.17553 -0.971681
0.937842 3.12083
2.85595 3.1206
1.25713 0.952982
3.1231 -3.14813
2.44485 0.939219
0.858512 -1.11352
-2.91235 -2.97582
-3.14197 0.850229
3.03833 -2.97765
-3.0595 0.981835
-2.95384 2.87203
-0.91999 -1.07705
-3.12238 -3.1205
0.976982 -0.852165
-2.97697 -2.96052
3.12174 -0.891176
0.962328 -1.1283
-1.10933 3.0357
1.04274 2.68416
2.81604 0.825206
-2.96487 -3.05481
-1.16424 -1.09664
-0.866461 -3.01559
-0.85965 3.2024
1.11799 2.98138
-0.86102 -2.96282
-3.10051 -1.10185
1.23525 -2.64014
-2.86971 0.888694
1.23261 0.920473
-2.77974 -1.06196
2.78306 -3.28309
-2.9292 -0.978937
-2.97443 -0.792446
1.0636 -3.01425
0.779561 -1.17498
2.93145 -1.08647
-2.81069 1.16614
3.03559 0.927078
1.16918 -1.06043
-2.87466 -1.22551
-3.16646 0.924434
3.03816 -1.04734
2.81836 -1.15922
3.20641 1.16604
1.05825 -2.84463
0.778354 3.02861
-3.20547 -2.80461
0.870052 2.79236
-2.79111 -0.962436
2.93245 3.11924
-3.29413 0.684952
-0.897624 -3.22451
0.884447 -1.07323
-2.97185 2.95382
-3.19417 0.88263
-3.16283 1.02511
-0.818765 -0.883397
-0.82157 1.05184
1.0424 -2.82853
1.28658 -0.807904
-0.960358 0.702988
-1.1068 -3.01195
3.073 1.16831
3.01239 2.99556
-2.88937 1.08545
1.08166 -0.970119
1.0952 0.956729
2.90337 0.964325
3.04232 3.09473
-2.74144 -1.13628
2.96237 1.04729
-0.854077 -0.71757
0.886228 -3.10788
2.86854 2.89313
-2.99003 -0.959418
0.873398 -1.11347
-1.13835 -1.13016
-3.02756 2.99819
-0.837839 -2.85743
-1.0314 -3.06223
3.18925 -0.917811
-3.09735 3.03541
3.03235 -0.96881
-2.85123 3.21164
