-1.3875 0.479393
-1.03808 3.2823
0.614594 2.82954
-2.62265 -3.60241
-0.182307 2.81338
-1.58323 3.02133
0.754446 -3.03131
0.961666 1.37761
-3.82333 -2.58396
2.57359 -1.12961
2.82735 3.07486
1.45435 0.920316
1.56751 -1.41144
-1.60505 2.46804
-3.13876 1.15159
-0.718733 -1.36433
0.917032 -2.13142
1.9924 1.43125
-1.41862 1.0198
-3.50054 2.79572
2.59281 -3.08787
3.0328 -2.71258
-1.43711 -2.59463
0.973866 -3.37203
0.590165 0.65349
-0.797289 -2.79214
3.16027 -1.31237
2.70473 2.74216
-2.51672 3.24845
-1.23747 -0.638738
-0.587404 -0.584392
3.01704 2.47038
1.94387 -0.449779
0.68407 2.60237
0.607943 3.33433
1.37999 -0.969064
2.41137 3.39817
-3.01137 -0.623497
3.03698 -0.886104
1.50499 1.30114
2.56227 0.879986
2.73769 -2.78589
-1.30291 3.05016
-2.79003 0.394965
-0.922325 0.769488
1.05312 -1.17436
-0.933535 2.93775
0.685541 3.1983
3.02683 -3.0164
2.63462 -2.28386
-2.77517 -2.96236
-2.94324 0.681661
-2.63436 0.980695
3.70611 -0.866038
1.05047 0.742156
3.33551 -0.592815
-1.33898 -0.857099
3.55964 -1.3029
3.06683 -2.62605
1.3017 -3.18031
3.24451 2.86834
3.2228 4.05193
-1.23615 2.91096
3.40525 -2.6351
1.51191 -0.963116
2.74905 -1.54596
-3.27533 -1.43256
-2.8359 2.81464
-3.35744 -2.78382
-2.99215 -3.11594
0.794405 -3.12757
2.62144 -2.98738
1.06217 -2.61585
-1.15267 1.02224
4.13899 -2.65796
-3.20566 0.911997
-3.44779 3.24239
0.224429 1.0274
1.21141 -3.2456
-2.90037 2.49617
-2.20318 2.75516
-3.0623 -0.533541
1.03745 2.39972
-2.8352 2.99334
2.84665 3.29714
-0.733753 1.67939
-3.86035 2.58653
0.64253 2.75498
-2.81953 1.20607
1.32915 -1.00082
1.32777 -0.908109
-0.911877 0.875216
2.80477 -0.70116
2.9503 -3.01463
-2.62233 3.19563
1.14588 -2.82479
3.03782 2.56329
0.883215 -3.21611
-1.31941 -1.49615
2.96758 1.16777
-0.647707 -1.07841
-3.17394 -3.41382
1.06689 3.04579
3.17602 -1.51981
2.60029 3.45475
3.0746 -3.34043
1.03773 1.0021
-2.75945 2.70554
0.396654 -3.65528
3.08961 -2.98148
3.25672 1.75886
3.40394 -2.25271
0.594076 1.02765
-0.97774 -1.64699
3.38317 -1.1258
1.52709 -3.04385
0.706024 -0.696282
-0.865928 -2.36835
0.545111 -2.68943
1.00256 -2.2479
3.76515 3.22328
3.17345 0.580359
0.712445 2.03919
0.932945 -1.75544
-3.1621 -3.5669
1.81649 -0.856636
-0.562416 -2.20114
-2.83275 1.08348
-0.665995 0.640932
3.14544 1.40563
1.05852 2.98803
2.70452 0.628774
-2.88521 1.16708
0.77894 3.86641
-2.94317 3.53214
-2.86863 1.45617
1.69668 -0.948608
2.93152 3.98412
-3.28874 3.26898
-3.39107 -1.17088
3.58538 3.18293
1.27017 -2.41827
-1.03183 -2.84487
-1.5452 -0.593696
3.46183 2.97301
1.077 -0.720547
1.3096 1.31364
-1.19009 2.85997
-0.504769 2.35268
-1.85201 -1.15037
-2.91402 0.89507
-2.68495 0.796138
3.16787 -2.93517
-2.37966 -3.53444
1.25 1.13887
-1.14113 -2.46909
2.58124 1.29733
-1.31928 -0.997701
1.09744 3.13105
1.98964 -0.607626
-1.2287 -1.0346
0.715999 0.617876
-1.49679 0.567474
1.43569 1.13097
2.74018 1.69302
-0.729356 2.22207
0.616858 -2.94792
-0.933765 -0.265271
-2.78024 2.68511
1.22126 2.65406
1.63506 -1.2507
-2.94614 -0.87911
1.46525 -3.43893
1.00609 -0.76017
2.30977 1.01352
-0.885606 3.08311
3.13109 0.656667
1.17087 -3.25214
0.922133 2.79993
-1.31056 0.308982
-1.37771 0.438238
-2.85859 1.36419
3.34851 -0.596454
1.12221 -2.57821
2.99454 -3.3242
2.6689 1.06389
-2.49282 -2.81507
-1.25757 0.717547
-1.57966 -0.216199
-3.34457 0.943223
-1.48986 -1.0124
3.30439 0.313436
