3.26892 -3.57163
1.18461 1.05874
-2.29545 -0.591732
1.12161 -3.71101
-0.913603 4.21697
-0.510715 0.682851
-1.87991 -1.73272
1.53762 0.263917
0.0356287 4.31013
-4.49384 0.307176
-0.778162 1.09416
-3.24377 -2.82333
4.43902 0.991308
-0.0228418 1.15115
0.462928 1.14011
2.83812 -0.286475
5.30269 -1.90265
-2.67965 1.64917
0.374578 -1.75685
1.2609 2.30494
-0.452074 1.37708
-3.95272 2.62349
1.30604 2.38283
2.80048 4.84418
3.79987 2.22559
-2.70578 0.339328
0.697479 -1.79264
3.46486 -4.07392
-2.42026 -1.09908
-3.24706 0.224167
-2.5528 3.83409
0.908761 2.47557
0.32733 1.12598
2.70338 -0.194838
0.408974 -3.61471
3.10759 -1.32145
4.61584 4.2692
1.88573 -0.796329
-5.37247 -2.59964
-2.50997 -1.17989
-1.36777 -2.59898
-0.0770134 2.01679
-0.217038 3.70705
-1.34274 3.70088
1.39364 -0.426797
4.73758 -1.19376
-4.44124 3.19923
-1.72783 -3.27513
-2.15019 1.83692
2.30708 -2.26698
-4.27669 1.18317
4.51118 -0.47024
-0.209625 0.51986
-4.19808 4.586
0.871608 0.449625
-2.16008 2.58423
-1.51196 -5.44017
2.5248 -2.09873
-0.684831 1.81956
1.60964 2.98149
-3.99145 -2.94455
1.13877 -3.51644
1.21013 -4.13184
2.65552 -4.59891
0.964862 -3.27472
1.04202 3.72584
-1.87066 -3.22211
-0.567585 0.268278
-0.904327 -0.90827
-3.06186 0.0621455
-1.25354 -2.72642
-1.31375 -0.441518
-0.905909 -0.390671
-0.359255 1.65372
0.91525 -0.422935
4.35274 -2.909
2.98434 0.315872
2.89338 1.26639
4.27091 -2.37631
-0.903108 0.717982
-0.347369 -0.731013
-4.70985 -1.73902
-5.89301 5.96949
2.39117 -2.28335
-3.55515 -2.68125
2.08378 -1.6583
-4.80723 -2.3736
-2.72938 -1.83672
-3.38625 1.67266
0.681184 0.0585476
1.36421 -3.20555
-1.60542 -4.67235
6.96832 -2.76541
-0.640049 0.0893236
-3.56586 2.0371
1.75142 -1.88807
3.61166 -3.29821
-0.425632 -3.14953
-4.77102 -0.00988785
1.39941 -2.93767
1.97312 -2.7125
-0.827269 -0.402419
2.07513 -0.814167
1.69709 0.396122
-4.92512 -4.48258
-2.68655 1.3876
-1.31977 0.652606
-2.31401 -1.65816
-0.485911 1.77517
-1.59852 -4.51845
-3.31113 -1.17284
0.326126 1.72745
2.31903 -3.1069
-4.0864 -2.25454
-3.21811 -1.28198
-4.27707 -3.17672
-1.91947 -3.47016
-0.901899 -2.988
1.03354 0.0278595
0.180696 0.062923
-0.413818 -0.94873
3.65418 3.21231
-1.79188 -4.57097
1.58044 -0.693229
0.119471 -2.19885
5.28472 -0.493798
0.75791 0.00665336
-1.66725 -4.36458
-6.46841 0.613987
-3.05535 -0.135613
1.90506 -0.0959942
-1.10562 3.60083
3.58559 0.252765
1.85916 5.73509
-0.87772 1.93868
-1.69315 3.06738
-0.077425 -0.0987137
-4.3181 0.671683
3.23214 2.39192
2.09892 2.36094
0.744179 0.786121
4.25313 -4.34434
-2.23126 5.25993
4.16987 -0.0520007
0.629065 -0.747335
0.591757 3.05468
0.812934 -2.65587
4.82587 -2.81729
2.53668 1.81624
2.608 -2.88285
-5.15579 -2.24641
-5.60158 4.79373
-0.285093 -1.35895
-0.268271 -3.25719
-1.03571 2.28436
2.89293 -0.038967
-1.32175 -2.54131
-2.29114 -1.94967
-2.74496 -1.51008
-4.64021 2.02047
-0.783738 -1.84229
2.72803 -0.719942
1.89624 2.51133
1.71423 -2.65609
-0.808858 -2.33376
-0.384067 1.25861
1.73748 -3.6488
2.20149 2.37709
-2.06903 -2.27218
-5.74586 3.34837
1.86432 -1.54657
-0.85001 0.482781
-1.05807 0.6431
0.607337 -1.15472
-2.05415 -0.304984
-0.407537 0.775561
0.717575 -0.325126
3.87113 3.0374
1.37687 -1.37048
2.15556 4.27411
-2.80776 1.80487
-0.206311 -1.64392
2.60039 -1.39319
-3.15777 -1.92486
1.98885 -4.72776
2.26675 -0.393365
6.82195 -1.73024
0.977757 -0.668487
-0.630441 0.521026
1.75606 2.1643
3.54085 3.60694
-2.11617 -2.24675
